4294967278,225
4294967278,223
4294967279,223
4294967278,221
4294967278,219
4294967279,219
4294967278,217
4294967278,215
4294967279,215
4294967278,212
4294967278,338
4294967278,337
4294967279,337
4294967278,525
4294967278,565
4294967279,335
4294967278,524
4294967279,207
4294967279,372
4294967279,371
4294967278,7
4294967278,6
4294967278,4
4294967278,562
4294967278,523
4294967278,60
4294967278,59
4294967278,58
4294967278,57
4294967278,56
4294967278,55
4294967278,54
4294967278,53
4294967278,52
4294967278,51
4294967278,50
4294967278,49
4294967278,47
4294967278,46
4294967278,45
4294967278,44
4294967278,43
4294967278,42
4294967278,41
4294967278,40
4294967278,39
4294967278,38
4294967278,37
4294967278,36
4294967278,35
4294967278,34
4294967278,33
4294967278,32
4294967278,31
4294967278,30
4294967278,29
4294967278,28
4294967278,27
4294967278,26
4294967278,25
4294967278,24
4294967278,23
4294967279,81
4294967279,78
4294967279,73
4294967279,71
4294967279,69
4294967279,62
4294967279,0
4294967278,520
4294967279,366
4294967279,83
4294967279,195
4294967279,363
4294967278,554
4294967294,427
4294967279,77
4294967278,517
4294967279,326
4294967279,74
4294967278,186
4294967278,185
4294967278,184
4294967279,185
4294967278,183
115,5
115,4
115,3
115,2
115,1
4294967278,336
4294967278,538
4294967279,181
4294967278,179
4294967279,180
4294967279,355
4294967278,178
4294967294,120
4294967279,179
4294967278,177
4294967279,177
4294967279,176
4294967279,61
4294967279,171
4294967278,169
4294967279,170
4294967278,168
4294967279,169
4294967278,166
4294967278,163
4294967279,167
113,6
4294967278,165
113,5
4294967279,166
113,4
4294967278,164
113,3
113,2
113,1
4294967278,315
4294967279,165
4294967278,312
4294967279,161
4294967278,159
4294967279,160
4294967279,312
4294967278,158
4294967279,159
4294967278,157
4294967278,156
4294967279,156
4294967279,153
4294967278,155
4294967279,155
4294967278,154
4294967278,335
4294967279,148
110,4
110,3
110,2
110,1
4294967279,299
4294967278,145
4294967294,388
109,4
109,3
109,2
109,1
4294967279,295
4294967278,292
4294967279,140
4294967279,139
108,5
4294967279,274
108,4
108,3
108,2
108,1
4294967278,334
4294967279,137
4294967279,82
4294967279,76
4294967278,288
4294967279,134
4294967279,290
4294967278,287
4294967278,274
4294967279,272
4294967278,275
4294967279,271
4294967278,286
4294967279,351
4294967279,281
4294967278,575
4294967279,384
4294967278,574
4294967278,271
4294967279,279
4294967279,288
4294967278,541
4294967279,266
4294967278,285
4294967279,284
4294967278,277
4294967279,264
4294967278,329
4294967279,286
4294967279,391
4294967279,276
4294967278,257
4294967279,256
4294967279,350
4294967278,174
4294967278,0
4294967278,48
4294967279,59
4294967279,58
4294967279,53
4294967279,52
4294967279,50
4294967279,49
4294967279,48
4294967279,46
4294967279,45
4294967279,44
4294967279,43
4294967279,42
4294967279,40
4294967279,39
4294967279,37
4294967279,35
4294967279,34
4294967279,32
4294967279,31
4294967279,29
4294967279,28
4294967279,26
4294967279,25
4294967279,24
4294967279,22
4294967279,20
4294967279,18
4294967279,17
4294967279,15
4294967279,14
4294967279,13
4294967279,11
4294967279,344
4294967278,255
4294967278,254
4294967294,396
4294967294,420
4294967294,410
4294967294,419
4294967294,168
4294967294,384
4294967294,448
4294967294,456
4294967294,116
4294967294,160
4294967294,180
4294967294,394
4294967279,239
4294967278,247
4294967279,246
106,6
4294967279,237
106,5
4294967278,236
106,4
106,3
106,2
106,1
4294967279,235
4294967279,231
4294967278,229
4294967279,229
4294967294,469
4294967279,218
4294967279,216
4294967278,214
4294967279,390
4294967279,211
4294967278,209
4294967279,210
4294967278,208
4294967294,914
4294967294,418
4294967294,916
4294967294,162
4294967279,209
103,4
103,2
103,1
4294967278,205
4294967279,206
4294967278,204
4294967279,205
102,4
4294967279,204
102,3
102,2
102,1
4294967278,202
4294967279,203
4294967279,202
4294967278,200
4294967279,201
101,5
4294967278,199
101,4
4294967279,200
101,3
101,2
101,1
4294967279,331
4294967278,198
4294967278,197
4294967294,127
4294967294,11
4294967278,557
4294967278,556
4294967278,194
4294967294,185
4294967294,903
4294967278,189
4294967294,76
4294967294,91
4294967294,87
4294967294,85
4294967294,84
4294967294,53
4294967294,393
4294967294,44
4294967294,40
4294967294,38
4294967294,37
4294967279,362
4294967278,516
4294967294,42
4294967279,361
4294967278,550
4294967278,549
4294967294,5
4294967279,359
4294967294,423
4294967294,43
4294967294,415
4294967294,51
4294967294,83
4294967294,82
4294967279,358
4294967278,547
4294967294,88
4294967279,381
4294967278,327
4294967279,178
4294967279,354
4294967278,132
4294967278,131
4294967278,130
4294967278,129
4294967278,128
4294967278,127
4294967278,126
4294967278,125
4294967278,531
4294967278,124
4294967278,123
4294967278,252
4294967278,122
4294967278,121
4294967278,120
4294967278,119
4294967278,118
4294967278,243
4294967278,117
4294967278,116
4294967278,115
4294967278,114
4294967278,113
4294967278,112
4294967278,111
4294967278,110
4294967278,109
4294967278,108
4294967278,107
4294967278,106
4294967278,105
4294967278,104
4294967278,103
4294967278,102
4294967278,101
4294967278,100
4294967278,526
4294967278,99
4294967278,98
4294967278,97
4294967278,96
4294967278,94
4294967278,93
4294967278,92
4294967278,91
4294967278,90
4294967278,89
4294967278,87
4294967278,86
4294967278,85
4294967278,83
4294967278,82
4294967278,81
4294967278,80
4294967278,79
